58 0.249591 0.619658 0.093387 0.360643
45 0.42182 0.611064 0.0618022 0.0465466
58 0.195163 0.334953 0.0574396 0.176856
56 0.497031 0.73142 0.155506 0.433619
58 0.249591 0.619658 0.093387 0.360643
45 0.42182 0.611064 0.0618022 0.0465466
58 0.195163 0.334953 0.0574396 0.176856
56 0.497031 0.73142 0.155506 0.433619
58 0.249591 0.619658 0.093387 0.360643
45 0.42182 0.611064 0.0618022 0.0465466
58 0.195163 0.334953 0.0574396 0.176856
56 0.497031 0.73142 0.155506 0.433619
58 0.249591 0.619658 0.093387 0.360643
45 0.42182 0.611064 0.0618022 0.0465466
58 0.195163 0.334953 0.0574396 0.176856
56 0.497031 0.73142 0.155506 0.433619
58 0.249591 0.619658 0.093387 0.360643
45 0.42182 0.611064 0.0618022 0.0465466
58 0.195163 0.334953 0.0574396 0.176856
56 0.497031 0.73142 0.155506 0.433619
58 0.249591 0.619658 0.093387 0.360643
45 0.42182 0.611064 0.0618022 0.0465466
58 0.195163 0.334953 0.0574396 0.176856
56 0.497031 0.73142 0.155506 0.433619
58 0.249591 0.619658 0.093387 0.360643
45 0.42182 0.611064 0.0618022 0.0465466
58 0.195163 0.334953 0.0574396 0.176856
56 0.497031 0.73142 0.155506 0.433619
58 0.249591 0.619658 0.093387 0.360643
45 0.42182 0.611064 0.0618022 0.0465466
58 0.195163 0.334953 0.0574396 0.176856
56 0.497031 0.73142 0.155506 0.433619
58 0.249591 0.619658 0.093387 0.360643
45 0.42182 0.611064 0.0618022 0.0465466
58 0.195163 0.334953 0.0574396 0.176856
56 0.497031 0.73142 0.155506 0.433619
58 0.249591 0.619658 0.093387 0.360643
45 0.42182 0.611064 0.0618022 0.0465466
58 0.195163 0.334953 0.0574396 0.176856
56 0.497031 0.73142 0.155506 0.433619
