0 0.521183 0.47521 0.329486 0.694022
0 0.784567 0.563003 0.351449 0.850102
0 0.0894819 0.4395 0.178689 0.492692
0 0.222117 0.517054 0.269006 0.534165
39 0.115436 0.719224 0.0455512 0.213201
45 0.110086 0.863776 0.0981109 0.105472
40 0.518003 0.883364 0.0621594 0.225341
40 0.745703 0.582901 0.0523321 0.178255
0 0.311701 0.474006 0.187172 0.603299
45 0.0519118 0.769309 0.085431 0.0601135
45 0.0325257 0.871654 0.064574 0.0857607
43 0.53657 0.625107 0.101091 0.136746
40 0.177885 0.468443 0.0237782 0.121831
45 0.0399988 0.708118 0.0797228 0.0736411
0 0.932042 0.448086 0.0656843 0.237787
45 0.609038 0.889763 0.170822 0.13165
44 0.674204 0.81398 0.0854499 0.0563053
60 0.396749 0.861399 0.791764 0.254803
0 0.521183 0.47521 0.329486 0.694022
0 0.784567 0.563003 0.351449 0.850102
0 0.0894819 0.4395 0.178689 0.492692
0 0.222117 0.517054 0.269006 0.534165
39 0.115436 0.719224 0.0455512 0.213201
45 0.110086 0.863776 0.0981109 0.105472
40 0.518003 0.883364 0.0621594 0.225341
40 0.745703 0.582901 0.0523321 0.178255
0 0.311701 0.474006 0.187172 0.603299
45 0.0519118 0.769309 0.085431 0.0601135
45 0.0325257 0.871654 0.064574 0.0857607
43 0.53657 0.625107 0.101091 0.136746
40 0.177885 0.468443 0.0237782 0.121831
45 0.0399988 0.708118 0.0797228 0.0736411
0 0.932042 0.448086 0.0656843 0.237787
45 0.609038 0.889763 0.170822 0.13165
44 0.674204 0.81398 0.0854499 0.0563053
60 0.396749 0.861399 0.791764 0.254803
